## htsjdk.samtools.metrics.StringHeader
# MarkDuplicates --SORTING_COLLECTION_SIZE_RATIO 0.8 --INPUT /tmp/itamburi/36400643/n23_sorted.bam --OUTPUT /tmp/itamburi/36400643/n23_dd.bam --METRICS_FILE /tmp/itamburi/36400643/n23_mrkdp_met.txt --REMOVE_DUPLICATES true --ASSUME_SORTED true --VALIDATION_STRINGENCY SILENT --COMPRESSION_LEVEL 0 --MAX_SEQUENCES_FOR_DISK_READ_ENDS_MAP 50000 --MAX_FILE_HANDLES_FOR_READ_ENDS_MAP 8000 --TAG_DUPLICATE_SET_MEMBERS false --REMOVE_SEQUENCING_DUPLICATES false --TAGGING_POLICY DontTag --CLEAR_DT true --DUPLEX_UMI false --ADD_PG_TAG_TO_READS true --DUPLICATE_SCORING_STRATEGY SUM_OF_BASE_QUALITIES --PROGRAM_RECORD_ID MarkDuplicates --PROGRAM_GROUP_NAME MarkDuplicates --READ_NAME_REGEX <optimized capture of last three ':' separated fields as numeric values> --OPTICAL_DUPLICATE_PIXEL_DISTANCE 100 --MAX_OPTICAL_DUPLICATE_SET_SIZE 300000 --VERBOSITY INFO --QUIET false --MAX_RECORDS_IN_RAM 500000 --CREATE_INDEX false --CREATE_MD5_FILE false --GA4GH_CLIENT_SECRETS client_secrets.json --help false --version false --showHidden false --USE_JDK_DEFLATER false --USE_JDK_INFLATER false
## htsjdk.samtools.metrics.StringHeader
# Started on: Tue Mar 11 10:50:03 PDT 2025

## METRICS CLASS	picard.sam.DuplicationMetrics
LIBRARY	UNPAIRED_READS_EXAMINED	READ_PAIRS_EXAMINED	SECONDARY_OR_SUPPLEMENTARY_RDS	UNMAPPED_READS	UNPAIRED_READ_DUPLICATES	READ_PAIR_DUPLICATES	READ_PAIR_OPTICAL_DUPLICATES	PERCENT_DUPLICATION	ESTIMATED_LIBRARY_SIZE
Unknown Library	0	21848633	2112982	0	0	9221444	1260119	0.42206	19192098

## HISTOGRAM	java.lang.Double
BIN	CoverageMult	all_sets	optical_sets	non_optical_sets
1.0	1.033039	9069585	0	9618633
2.0	1.363948	2290089	844913	1996726
3.0	1.469946	639970	111835	483471
4.0	1.5039	223004	22929	170035
5.0	1.514777	106219	7456	87968
6.0	1.518261	61874	3453	54200
7.0	1.519377	41330	1932	37402
8.0	1.519734	29992	1242	27205
9.0	1.519849	22671	819	20870
10.0	1.519885	17784	628	16400
11.0	1.519897	14499	427	13188
12.0	1.519901	11821	371	10813
13.0	1.519902	9728	250	8931
14.0	1.519902	8251	204	7543
15.0	1.519903	7142	184	6570
16.0	1.519903	6062	121	5565
17.0	1.519903	5250	104	4922
18.0	1.519903	4618	89	4417
19.0	1.519903	4172	68	3792
20.0	1.519903	3688	68	3324
21.0	1.519903	3271	56	2987
22.0	1.519903	2922	51	2713
23.0	1.519903	2717	44	2409
24.0	1.519903	2274	30	2255
25.0	1.519903	2156	22	1871
26.0	1.519903	1970	30	1845
27.0	1.519903	1855	33	1754
28.0	1.519903	1673	21	1534
29.0	1.519903	1557	14	1311
30.0	1.519903	1401	17	1250
31.0	1.519903	1217	16	1179
32.0	1.519903	1158	21	1076
33.0	1.519903	1063	18	997
34.0	1.519903	1032	10	922
35.0	1.519903	999	12	931
36.0	1.519903	898	13	869
37.0	1.519903	838	13	829
38.0	1.519903	819	8	741
39.0	1.519903	842	6	760
40.0	1.519903	697	5	666
41.0	1.519903	705	8	609
42.0	1.519903	691	9	577
43.0	1.519903	588	4	548
44.0	1.519903	585	4	503
45.0	1.519903	499	8	482
46.0	1.519903	542	4	437
47.0	1.519903	456	7	451
48.0	1.519903	455	4	429
49.0	1.519903	431	6	383
50.0	1.519903	394	4	365
51.0	1.519903	426	3	337
52.0	1.519903	348	1	354
53.0	1.519903	345	3	317
54.0	1.519903	353	4	333
55.0	1.519903	305	2	277
56.0	1.519903	317	0	295
57.0	1.519903	302	2	274
58.0	1.519903	290	1	258
59.0	1.519903	259	1	281
60.0	1.519903	258	2	216
61.0	1.519903	260	2	237
62.0	1.519903	235	2	202
63.0	1.519903	220	2	211
64.0	1.519903	247	0	200
65.0	1.519903	199	3	199
66.0	1.519903	204	4	190
67.0	1.519903	194	3	176
68.0	1.519903	178	0	174
69.0	1.519903	190	3	192
70.0	1.519903	185	1	168
71.0	1.519903	186	2	157
72.0	1.519903	176	0	145
73.0	1.519903	163	0	150
74.0	1.519903	162	0	135
75.0	1.519903	140	2	139
76.0	1.519903	154	1	137
77.0	1.519903	167	1	129
78.0	1.519903	136	0	111
79.0	1.519903	120	0	131
80.0	1.519903	147	0	124
81.0	1.519903	120	0	101
82.0	1.519903	120	2	116
83.0	1.519903	107	0	119
84.0	1.519903	112	2	95
85.0	1.519903	126	0	95
86.0	1.519903	98	0	86
87.0	1.519903	94	0	82
88.0	1.519903	110	1	106
89.0	1.519903	92	0	92
90.0	1.519903	93	1	77
91.0	1.519903	97	0	83
92.0	1.519903	79	0	83
93.0	1.519903	91	1	79
94.0	1.519903	71	1	84
95.0	1.519903	74	1	86
96.0	1.519903	84	0	60
97.0	1.519903	95	0	67
98.0	1.519903	60	1	78
99.0	1.519903	63	0	57
100.0	1.519903	56	0	62
101.0	0	88	0	60
102.0	0	77	0	53
103.0	0	59	2	75
104.0	0	69	1	69
105.0	0	66	0	59
106.0	0	78	1	64
107.0	0	44	0	40
108.0	0	62	0	66
109.0	0	47	0	42
110.0	0	55	0	38
111.0	0	62	0	35
112.0	0	49	0	42
113.0	0	52	0	52
114.0	0	54	0	44
115.0	0	39	0	42
116.0	0	51	0	47
117.0	0	53	0	44
118.0	0	48	1	45
119.0	0	32	0	36
120.0	0	45	0	48
121.0	0	37	0	37
122.0	0	43	0	34
123.0	0	33	0	32
124.0	0	38	0	41
125.0	0	48	0	37
126.0	0	38	0	29
127.0	0	35	0	33
128.0	0	34	0	43
129.0	0	48	1	43
130.0	0	42	0	29
131.0	0	39	0	36
132.0	0	35	0	32
133.0	0	31	0	24
134.0	0	31	1	31
135.0	0	36	1	38
136.0	0	28	0	27
137.0	0	37	0	30
138.0	0	35	0	29
139.0	0	31	0	26
140.0	0	37	0	36
141.0	0	28	0	22
142.0	0	33	0	31
143.0	0	35	0	27
144.0	0	23	0	17
145.0	0	18	0	24
146.0	0	23	0	20
147.0	0	23	0	27
148.0	0	30	0	17
149.0	0	27	0	24
150.0	0	20	0	18
151.0	0	23	0	12
152.0	0	24	0	19
153.0	0	25	0	16
154.0	0	22	0	19
155.0	0	13	0	18
156.0	0	20	0	17
157.0	0	22	0	15
158.0	0	17	0	31
159.0	0	20	0	24
160.0	0	16	0	18
161.0	0	25	0	19
162.0	0	22	0	19
163.0	0	16	0	23
164.0	0	26	0	13
165.0	0	23	0	14
166.0	0	21	0	11
167.0	0	20	0	14
168.0	0	18	0	19
169.0	0	10	0	15
170.0	0	24	1	20
171.0	0	14	0	14
172.0	0	23	0	12
173.0	0	14	0	19
174.0	0	17	0	10
175.0	0	13	0	22
176.0	0	13	0	10
177.0	0	12	0	12
178.0	0	17	0	12
179.0	0	20	0	12
180.0	0	12	0	13
181.0	0	13	0	16
182.0	0	14	0	10
183.0	0	12	0	12
184.0	0	16	0	11
185.0	0	5	0	15
186.0	0	13	0	8
187.0	0	11	0	16
188.0	0	11	0	12
189.0	0	17	0	13
190.0	0	13	0	9
191.0	0	14	0	18
192.0	0	17	0	9
193.0	0	11	0	9
194.0	0	9	0	14
195.0	0	14	0	19
196.0	0	17	0	7
197.0	0	10	0	9
198.0	0	10	0	9
199.0	0	8	0	9
200.0	0	12	0	6
201.0	0	16	0	7
202.0	0	11	0	9
203.0	0	8	0	16
204.0	0	13	0	7
205.0	0	12	0	11
206.0	0	12	0	6
207.0	0	14	0	6
208.0	0	12	0	3
209.0	0	11	0	7
210.0	0	5	0	7
211.0	0	14	0	6
212.0	0	3	0	7
213.0	0	8	0	11
214.0	0	7	0	12
215.0	0	8	0	5
216.0	0	5	0	5
217.0	0	7	0	12
218.0	0	9	0	5
219.0	0	12	0	5
220.0	0	5	0	7
221.0	0	10	0	3
222.0	0	4	0	6
223.0	0	5	0	9
224.0	0	7	0	1
225.0	0	6	0	7
226.0	0	6	0	11
227.0	0	5	0	6
228.0	0	8	0	8
229.0	0	10	0	6
230.0	0	6	0	5
231.0	0	4	0	6
232.0	0	11	0	6
233.0	0	7	0	8
234.0	0	2	0	4
235.0	0	8	0	12
236.0	0	6	0	7
237.0	0	6	0	14
238.0	0	6	0	9
239.0	0	4	0	5
240.0	0	9	0	3
241.0	0	6	0	8
242.0	0	10	0	7
243.0	0	9	0	8
244.0	0	5	0	3
245.0	0	4	0	5
246.0	0	9	0	7
247.0	0	3	0	2
248.0	0	4	0	3
249.0	0	10	0	5
250.0	0	10	0	4
251.0	0	6	0	5
252.0	0	4	0	5
253.0	0	7	0	3
254.0	0	3	0	2
255.0	0	4	0	11
256.0	0	4	0	5
257.0	0	6	0	4
258.0	0	4	0	1
259.0	0	5	0	3
260.0	0	8	0	6
261.0	0	5	0	6
262.0	0	6	0	5
263.0	0	5	0	4
264.0	0	4	0	5
265.0	0	6	0	6
266.0	0	6	0	0
267.0	0	6	0	5
268.0	0	6	0	10
269.0	0	5	0	3
270.0	0	4	0	2
271.0	0	9	0	2
272.0	0	5	0	5
273.0	0	2	0	9
274.0	0	3	0	6
275.0	0	3	0	6
276.0	0	4	0	2
277.0	0	7	0	6
278.0	0	8	0	1
279.0	0	3	0	5
280.0	0	7	0	1
281.0	0	2	0	5
282.0	0	5	1	6
283.0	0	6	0	8
284.0	0	2	0	1
285.0	0	0	0	4
286.0	0	1	0	5
287.0	0	1	0	2
288.0	0	3	0	4
289.0	0	6	0	4
290.0	0	4	0	4
291.0	0	2	0	1
292.0	0	5	0	7
293.0	0	4	0	1
294.0	0	4	0	5
295.0	0	2	0	5
296.0	0	7	0	3
297.0	0	5	0	5
298.0	0	4	0	2
299.0	0	1	0	1
300.0	0	3	0	3
301.0	0	4	0	2
302.0	0	2	0	3
303.0	0	5	0	4
304.0	0	4	0	2
305.0	0	4	0	2
306.0	0	4	0	3
307.0	0	3	0	2
308.0	0	4	0	2
309.0	0	0	0	2
310.0	0	4	0	1
311.0	0	5	0	2
312.0	0	3	0	2
313.0	0	0	0	1
314.0	0	9	0	2
315.0	0	1	0	3
316.0	0	2	0	2
317.0	0	7	0	1
318.0	0	6	0	4
319.0	0	7	0	3
320.0	0	2	0	2
321.0	0	1	0	2
322.0	0	4	0	3
323.0	0	4	0	1
324.0	0	3	0	0
325.0	0	2	0	3
326.0	0	0	0	3
327.0	0	0	0	1
328.0	0	1	0	0
329.0	0	2	0	4
330.0	0	2	0	2
331.0	0	3	0	4
332.0	0	1	0	3
333.0	0	6	0	2
334.0	0	2	0	1
335.0	0	3	0	2
336.0	0	0	0	2
337.0	0	6	0	0
338.0	0	1	0	3
339.0	0	1	0	3
340.0	0	1	0	1
341.0	0	2	0	3
342.0	0	0	0	3
343.0	0	3	0	2
344.0	0	1	0	0
345.0	0	0	0	1
346.0	0	3	0	1
347.0	0	5	0	2
348.0	0	0	0	1
349.0	0	5	0	3
350.0	0	3	0	2
351.0	0	3	0	0
352.0	0	3	0	0
353.0	0	3	0	1
354.0	0	1	0	2
355.0	0	2	0	2
356.0	0	1	0	3
357.0	0	2	0	2
358.0	0	0	0	1
359.0	0	0	0	2
360.0	0	0	0	1
361.0	0	1	0	2
362.0	0	1	0	2
363.0	0	1	0	1
364.0	0	1	0	1
365.0	0	2	0	3
366.0	0	3	0	3
367.0	0	2	0	2
368.0	0	1	0	2
369.0	0	2	0	3
370.0	0	2	0	2
371.0	0	0	0	1
372.0	0	1	0	0
373.0	0	2	0	1
374.0	0	2	0	4
375.0	0	2	0	3
377.0	0	2	0	1
378.0	0	3	0	4
379.0	0	1	0	0
380.0	0	3	0	1
381.0	0	1	0	5
382.0	0	1	0	2
383.0	0	1	0	1
384.0	0	0	0	1
385.0	0	3	0	2
386.0	0	2	0	2
387.0	0	2	0	1
388.0	0	1	0	2
389.0	0	2	0	2
390.0	0	1	0	2
391.0	0	4	0	3
392.0	0	1	0	2
393.0	0	1	0	0
394.0	0	0	0	1
395.0	0	2	0	1
396.0	0	4	0	3
397.0	0	3	0	1
398.0	0	0	0	1
399.0	0	3	0	1
400.0	0	1	0	0
401.0	0	2	0	2
402.0	0	1	0	2
403.0	0	4	0	2
404.0	0	2	0	1
405.0	0	0	0	1
407.0	0	1	0	2
408.0	0	4	0	0
409.0	0	3	0	1
410.0	0	2	0	1
411.0	0	2	0	1
412.0	0	4	0	2
413.0	0	2	0	1
414.0	0	2	0	0
415.0	0	2	0	2
416.0	0	0	0	2
417.0	0	3	0	1
418.0	0	0	0	1
420.0	0	1	0	1
421.0	0	0	0	1
422.0	0	0	0	1
423.0	0	0	0	1
425.0	0	1	0	2
426.0	0	0	0	1
427.0	0	1	0	1
429.0	0	1	0	0
430.0	0	0	0	4
431.0	0	2	0	2
432.0	0	2	0	0
433.0	0	1	0	3
434.0	0	2	0	0
435.0	0	1	0	2
437.0	0	1	0	1
438.0	0	1	0	1
439.0	0	0	0	3
440.0	0	3	0	1
441.0	0	1	0	0
442.0	0	1	0	1
445.0	0	2	0	2
446.0	0	3	0	1
447.0	0	2	0	0
448.0	0	2	0	0
449.0	0	1	0	0
450.0	0	0	0	1
451.0	0	2	0	0
452.0	0	0	0	2
453.0	0	1	0	0
454.0	0	1	0	2
455.0	0	2	0	1
456.0	0	2	0	0
457.0	0	2	0	0
458.0	0	0	0	2
459.0	0	1	0	0
460.0	0	1	0	0
461.0	0	1	0	0
462.0	0	1	0	0
464.0	0	1	0	0
465.0	0	1	0	0
466.0	0	2	0	3
468.0	0	2	0	0
469.0	0	3	0	0
470.0	0	0	0	1
471.0	0	1	0	0
473.0	0	1	0	0
474.0	0	0	0	2
475.0	0	0	0	1
476.0	0	0	0	2
477.0	0	1	0	0
478.0	0	0	0	1
481.0	0	1	0	1
483.0	0	1	0	1
485.0	0	3	0	0
486.0	0	1	0	0
488.0	0	0	0	1
490.0	0	0	0	1
492.0	0	1	0	0
493.0	0	0	0	1
494.0	0	0	0	2
495.0	0	0	0	1
499.0	0	2	0	0
500.0	0	1	0	0
501.0	0	1	0	1
502.0	0	1	0	1
503.0	0	1	0	0
505.0	0	0	0	2
506.0	0	3	0	0
508.0	0	0	0	2
509.0	0	0	0	1
511.0	0	0	0	1
513.0	0	1	0	1
514.0	0	1	0	1
515.0	0	0	0	2
516.0	0	2	0	3
519.0	0	0	0	1
520.0	0	0	0	1
522.0	0	1	0	0
524.0	0	1	0	1
525.0	0	1	0	0
526.0	0	1	0	1
527.0	0	0	0	1
528.0	0	3	0	0
534.0	0	1	0	1
535.0	0	1	0	0
538.0	0	1	0	0
541.0	0	0	0	1
543.0	0	0	0	1
544.0	0	1	0	2
547.0	0	2	0	1
550.0	0	0	0	1
552.0	0	3	0	0
553.0	0	2	0	0
554.0	0	1	0	0
555.0	0	1	0	0
556.0	0	1	0	0
557.0	0	1	0	0
561.0	0	0	0	3
563.0	0	2	0	0
565.0	0	0	0	1
566.0	0	0	0	1
567.0	0	1	0	0
568.0	0	0	0	1
569.0	0	1	0	0
571.0	0	1	0	2
574.0	0	1	0	1
576.0	0	1	0	0
577.0	0	0	0	2
578.0	0	1	0	1
580.0	0	1	0	2
583.0	0	1	0	1
584.0	0	1	0	0
586.0	0	0	0	1
588.0	0	0	0	1
590.0	0	0	0	1
591.0	0	0	0	2
592.0	0	0	0	1
596.0	0	0	0	1
598.0	0	1	0	0
600.0	0	3	0	0
601.0	0	2	0	1
602.0	0	1	0	0
603.0	0	0	0	1
605.0	0	0	0	1
607.0	0	1	0	0
608.0	0	1	0	0
609.0	0	0	0	1
610.0	0	2	0	0
611.0	0	1	0	0
612.0	0	2	0	0
615.0	0	1	0	0
617.0	0	1	0	0
622.0	0	1	0	0
624.0	0	1	0	2
625.0	0	0	0	1
627.0	0	0	0	2
628.0	0	1	0	0
632.0	0	2	0	0
635.0	0	0	0	1
636.0	0	1	0	1
639.0	0	2	0	0
643.0	0	0	0	1
645.0	0	1	0	1
648.0	0	0	0	1
649.0	0	0	0	1
655.0	0	0	0	1
657.0	0	0	0	1
660.0	0	2	0	0
663.0	0	0	0	1
665.0	0	1	0	0
666.0	0	0	0	1
671.0	0	2	0	2
672.0	0	0	0	1
673.0	0	1	0	1
678.0	0	1	0	0
679.0	0	1	0	2
684.0	0	0	0	1
685.0	0	1	0	1
687.0	0	1	0	0
688.0	0	1	0	0
690.0	0	0	0	1
697.0	0	1	0	1
699.0	0	0	0	1
701.0	0	1	0	1
703.0	0	1	0	0
706.0	0	0	0	3
707.0	0	0	0	1
710.0	0	1	0	0
711.0	0	0	0	2
713.0	0	1	0	0
714.0	0	0	0	1
716.0	0	1	0	0
717.0	0	1	0	0
719.0	0	1	0	0
722.0	0	0	0	1
724.0	0	0	0	1
725.0	0	2	0	0
726.0	0	3	0	0
727.0	0	1	0	0
730.0	0	1	0	0
734.0	0	1	0	0
739.0	0	1	0	0
744.0	0	1	0	0
745.0	0	1	0	1
749.0	0	1	0	0
755.0	0	0	0	1
759.0	0	1	0	0
764.0	0	2	0	0
765.0	0	1	0	0
770.0	0	1	0	1
772.0	0	0	0	1
778.0	0	0	0	1
780.0	0	1	0	1
788.0	0	1	0	0
795.0	0	1	0	0
797.0	0	0	0	1
800.0	0	0	0	1
806.0	0	0	0	1
809.0	0	0	0	1
813.0	0	2	0	0
818.0	0	1	0	2
819.0	0	0	0	1
827.0	0	0	0	1
832.0	0	0	0	1
838.0	0	1	0	0
841.0	0	1	0	0
844.0	0	1	0	0
846.0	0	1	0	0
847.0	0	1	0	0
855.0	0	1	0	0
859.0	0	1	0	0
864.0	0	0	0	1
879.0	0	1	0	0
881.0	0	1	0	0
882.0	0	1	0	0
892.0	0	1	0	0
894.0	0	1	0	0
902.0	0	0	0	1
919.0	0	0	0	1
930.0	0	0	0	1
938.0	0	1	0	0
941.0	0	0	0	1
942.0	0	0	0	1
947.0	0	0	0	1
949.0	0	0	0	1
950.0	0	1	0	0
953.0	0	0	0	1
955.0	0	0	0	1
958.0	0	0	0	1
970.0	0	0	0	1
974.0	0	1	0	0
975.0	0	0	0	1
990.0	0	1	0	0
1001.0	0	1	0	0
1015.0	0	1	0	0
1017.0	0	1	0	0
1018.0	0	1	0	0
1019.0	0	1	0	0
1038.0	0	0	0	1
1049.0	0	1	0	1
1062.0	0	1	0	0
1074.0	0	1	0	0
1078.0	0	0	0	1
1080.0	0	1	0	0
1087.0	0	0	0	1
1104.0	0	1	0	0
1105.0	0	0	0	1
1131.0	0	0	0	2
1148.0	0	1	0	0
1167.0	0	1	0	0
1170.0	0	0	0	1
1173.0	0	0	0	1
1182.0	0	0	0	1
1186.0	0	1	0	1
1197.0	0	1	0	0
1204.0	0	0	0	1
1236.0	0	1	0	0
1240.0	0	1	0	0
1241.0	0	1	0	0
1249.0	0	0	0	1
1251.0	0	1	0	0
1268.0	0	1	0	0
1277.0	0	0	0	1
1289.0	0	0	0	1
1299.0	0	1	0	0
1332.0	0	0	0	1
1338.0	0	0	0	1
1354.0	0	1	0	0
1374.0	0	1	0	0
1403.0	0	0	0	1
1413.0	0	0	0	1
1418.0	0	1	0	0
1424.0	0	1	0	0
1440.0	0	1	0	0
1479.0	0	1	0	0
1515.0	0	1	0	0
1610.0	0	0	0	1
1685.0	0	1	0	0
1829.0	0	0	0	1
1932.0	0	1	0	0
2060.0	0	0	0	1
2142.0	0	0	0	1
2188.0	0	0	0	1
2270.0	0	1	0	0
2322.0	0	1	0	0
2341.0	0	1	0	0

