## htsjdk.samtools.metrics.StringHeader
# MarkDuplicates --SORTING_COLLECTION_SIZE_RATIO 0.8 --INPUT /tmp/itamburi/36400726/n81_sorted.bam --OUTPUT /tmp/itamburi/36400726/n81_dd.bam --METRICS_FILE /tmp/itamburi/36400726/n81_mrkdp_met.txt --REMOVE_DUPLICATES true --ASSUME_SORTED true --VALIDATION_STRINGENCY SILENT --COMPRESSION_LEVEL 0 --MAX_SEQUENCES_FOR_DISK_READ_ENDS_MAP 50000 --MAX_FILE_HANDLES_FOR_READ_ENDS_MAP 8000 --TAG_DUPLICATE_SET_MEMBERS false --REMOVE_SEQUENCING_DUPLICATES false --TAGGING_POLICY DontTag --CLEAR_DT true --DUPLEX_UMI false --ADD_PG_TAG_TO_READS true --DUPLICATE_SCORING_STRATEGY SUM_OF_BASE_QUALITIES --PROGRAM_RECORD_ID MarkDuplicates --PROGRAM_GROUP_NAME MarkDuplicates --READ_NAME_REGEX <optimized capture of last three ':' separated fields as numeric values> --OPTICAL_DUPLICATE_PIXEL_DISTANCE 100 --MAX_OPTICAL_DUPLICATE_SET_SIZE 300000 --VERBOSITY INFO --QUIET false --MAX_RECORDS_IN_RAM 500000 --CREATE_INDEX false --CREATE_MD5_FILE false --GA4GH_CLIENT_SECRETS client_secrets.json --help false --version false --showHidden false --USE_JDK_DEFLATER false --USE_JDK_INFLATER false
## htsjdk.samtools.metrics.StringHeader
# Started on: Tue Mar 11 10:53:58 PDT 2025

## METRICS CLASS	picard.sam.DuplicationMetrics
LIBRARY	UNPAIRED_READS_EXAMINED	READ_PAIRS_EXAMINED	SECONDARY_OR_SUPPLEMENTARY_RDS	UNMAPPED_READS	UNPAIRED_READ_DUPLICATES	READ_PAIR_DUPLICATES	READ_PAIR_OPTICAL_DUPLICATES	PERCENT_DUPLICATION	ESTIMATED_LIBRARY_SIZE
Unknown Library	0	19985713	1532972	0	0	10070837	1216045	0.503902	12960352

## HISTOGRAM	java.lang.Double
BIN	CoverageMult	all_sets	optical_sets	non_optical_sets
1.0	1.02751	6464861	0	6874070
2.0	1.247334	2107341	732757	1950412
3.0	1.294363	679879	111278	541583
4.0	1.304424	242279	26741	182393
5.0	1.306576	107784	9796	84186
6.0	1.307037	60283	4922	51317
7.0	1.307135	40090	2818	35438
8.0	1.307157	29126	1809	26677
9.0	1.307161	22388	1272	20606
10.0	1.307162	18106	896	16782
11.0	1.307162	14903	646	13505
12.0	1.307162	12241	510	11361
13.0	1.307162	10278	376	9685
14.0	1.307162	8862	306	8242
15.0	1.307162	7756	257	7065
16.0	1.307162	6694	218	6237
17.0	1.307162	5911	195	5418
18.0	1.307162	5145	147	4830
19.0	1.307162	4700	146	4282
20.0	1.307162	4167	106	3869
21.0	1.307162	3689	98	3478
22.0	1.307162	3415	66	3115
23.0	1.307162	3121	62	2863
24.0	1.307162	2802	63	2606
25.0	1.307162	2510	38	2352
26.0	1.307162	2397	48	2210
27.0	1.307162	2205	57	2073
28.0	1.307162	2075	34	1792
29.0	1.307162	1830	33	1731
30.0	1.307162	1638	24	1552
31.0	1.307162	1588	25	1445
32.0	1.307162	1487	23	1359
33.0	1.307162	1409	23	1228
34.0	1.307162	1264	25	1162
35.0	1.307162	1221	20	1114
36.0	1.307162	1078	13	1077
37.0	1.307162	1109	21	1023
38.0	1.307162	1040	12	954
39.0	1.307162	952	7	932
40.0	1.307162	961	10	827
41.0	1.307162	889	14	780
42.0	1.307162	822	13	735
43.0	1.307162	747	11	696
44.0	1.307162	762	7	644
45.0	1.307162	661	6	616
46.0	1.307162	633	6	606
47.0	1.307162	579	10	524
48.0	1.307162	553	9	545
49.0	1.307162	580	6	507
50.0	1.307162	529	4	479
51.0	1.307162	526	2	461
52.0	1.307162	462	7	472
53.0	1.307162	483	4	444
54.0	1.307162	472	7	414
55.0	1.307162	420	9	397
56.0	1.307162	420	2	355
57.0	1.307162	386	1	367
58.0	1.307162	381	3	337
59.0	1.307162	353	2	348
60.0	1.307162	336	5	323
61.0	1.307162	346	3	314
62.0	1.307162	339	4	289
63.0	1.307162	289	0	275
64.0	1.307162	321	7	278
65.0	1.307162	281	1	268
66.0	1.307162	288	3	242
67.0	1.307162	255	4	254
68.0	1.307162	282	0	241
69.0	1.307162	244	0	235
70.0	1.307162	242	1	230
71.0	1.307162	225	1	204
72.0	1.307162	219	2	226
73.0	1.307162	208	2	199
74.0	1.307162	225	5	168
75.0	1.307162	207	1	193
76.0	1.307162	211	0	194
77.0	1.307162	195	0	201
78.0	1.307162	192	1	155
79.0	1.307162	184	2	159
80.0	1.307162	175	2	148
81.0	1.307162	165	0	146
82.0	1.307162	193	0	159
83.0	1.307162	139	2	155
84.0	1.307162	146	2	144
85.0	1.307162	154	0	112
86.0	1.307162	144	2	138
87.0	1.307162	152	1	134
88.0	1.307162	142	0	117
89.0	1.307162	133	0	115
90.0	1.307162	128	3	119
91.0	1.307162	115	1	100
92.0	1.307162	142	1	102
93.0	1.307162	102	2	90
94.0	1.307162	132	1	117
95.0	1.307162	101	1	99
96.0	1.307162	98	2	101
97.0	1.307162	102	1	96
98.0	1.307162	102	0	93
99.0	1.307162	90	0	89
100.0	1.307162	97	1	89
101.0	0	96	0	88
102.0	0	80	0	76
103.0	0	94	0	89
104.0	0	89	0	81
105.0	0	98	0	69
106.0	0	86	1	91
107.0	0	92	1	78
108.0	0	69	0	66
109.0	0	82	0	86
110.0	0	77	1	63
111.0	0	68	0	76
112.0	0	82	1	67
113.0	0	61	0	68
114.0	0	65	1	59
115.0	0	87	1	64
116.0	0	69	1	61
117.0	0	68	0	53
118.0	0	61	1	47
119.0	0	64	0	48
120.0	0	67	1	58
121.0	0	66	0	54
122.0	0	67	0	57
123.0	0	54	2	53
124.0	0	51	1	44
125.0	0	46	0	43
126.0	0	58	0	50
127.0	0	52	0	49
128.0	0	50	0	40
129.0	0	33	0	45
130.0	0	48	0	46
131.0	0	42	0	46
132.0	0	57	0	48
133.0	0	41	1	45
134.0	0	43	1	42
135.0	0	44	0	39
136.0	0	53	0	34
137.0	0	47	0	43
138.0	0	38	0	53
139.0	0	50	0	40
140.0	0	41	0	27
141.0	0	38	0	53
142.0	0	35	0	45
143.0	0	41	0	31
144.0	0	39	0	37
145.0	0	31	0	24
146.0	0	44	0	30
147.0	0	46	0	42
148.0	0	40	0	44
149.0	0	31	0	36
150.0	0	31	0	29
151.0	0	38	0	35
152.0	0	38	0	30
153.0	0	39	0	31
154.0	0	25	0	24
155.0	0	30	0	22
156.0	0	35	0	32
157.0	0	32	0	30
158.0	0	39	0	29
159.0	0	41	0	26
160.0	0	23	0	20
161.0	0	20	0	19
162.0	0	26	0	25
163.0	0	27	0	24
164.0	0	41	0	31
165.0	0	24	0	25
166.0	0	21	0	21
167.0	0	32	1	24
168.0	0	26	1	25
169.0	0	24	0	34
170.0	0	26	0	15
171.0	0	23	0	23
172.0	0	25	0	22
173.0	0	27	0	19
174.0	0	27	0	26
175.0	0	20	0	25
176.0	0	26	0	21
177.0	0	24	0	30
178.0	0	21	0	20
179.0	0	22	0	15
180.0	0	31	0	20
181.0	0	14	0	23
182.0	0	22	0	13
183.0	0	20	0	16
184.0	0	18	0	14
185.0	0	15	0	14
186.0	0	21	0	17
187.0	0	24	0	17
188.0	0	21	0	15
189.0	0	17	0	18
190.0	0	20	0	20
191.0	0	19	0	14
192.0	0	17	0	15
193.0	0	17	0	14
194.0	0	16	0	6
195.0	0	18	0	16
196.0	0	20	0	15
197.0	0	16	0	8
198.0	0	21	0	16
199.0	0	16	0	16
200.0	0	11	0	15
201.0	0	13	0	14
202.0	0	14	0	16
203.0	0	15	0	17
204.0	0	13	1	15
205.0	0	15	0	13
206.0	0	18	0	17
207.0	0	10	0	15
208.0	0	14	0	18
209.0	0	15	0	13
210.0	0	11	0	10
211.0	0	11	0	15
212.0	0	11	0	13
213.0	0	12	0	14
214.0	0	17	0	9
215.0	0	8	0	13
216.0	0	17	0	9
217.0	0	12	0	8
218.0	0	19	0	12
219.0	0	12	0	11
220.0	0	10	0	13
221.0	0	8	0	9
222.0	0	15	0	10
223.0	0	9	0	8
224.0	0	13	0	14
225.0	0	17	0	11
226.0	0	8	0	12
227.0	0	13	0	4
228.0	0	10	0	9
229.0	0	8	0	9
230.0	0	15	0	7
231.0	0	10	0	8
232.0	0	11	0	10
233.0	0	11	0	7
234.0	0	7	0	6
235.0	0	10	0	13
236.0	0	9	0	13
237.0	0	10	0	13
238.0	0	10	0	10
239.0	0	11	0	11
240.0	0	9	0	11
241.0	0	12	0	6
242.0	0	12	0	13
243.0	0	9	0	8
244.0	0	11	0	10
245.0	0	12	0	12
246.0	0	7	0	5
247.0	0	6	0	9
248.0	0	8	0	5
249.0	0	9	0	5
250.0	0	12	0	7
251.0	0	8	0	6
252.0	0	10	0	2
253.0	0	11	0	10
254.0	0	13	0	8
255.0	0	4	0	4
256.0	0	11	0	11
257.0	0	10	0	7
258.0	0	8	0	7
259.0	0	7	0	8
260.0	0	9	0	6
261.0	0	6	0	4
262.0	0	6	0	9
263.0	0	7	0	10
264.0	0	7	0	7
265.0	0	9	0	6
266.0	0	6	0	6
267.0	0	8	0	5
268.0	0	6	0	6
269.0	0	8	0	6
270.0	0	3	0	3
271.0	0	7	0	6
272.0	0	9	0	8
273.0	0	12	1	6
274.0	0	5	0	5
275.0	0	7	0	4
276.0	0	12	0	3
277.0	0	7	0	10
278.0	0	6	0	3
279.0	0	4	0	3
280.0	0	6	0	1
281.0	0	5	0	7
282.0	0	3	0	5
283.0	0	8	0	5
284.0	0	9	0	4
285.0	0	2	0	1
286.0	0	4	0	5
287.0	0	5	0	8
288.0	0	10	0	3
289.0	0	3	0	8
290.0	0	3	0	5
291.0	0	3	0	4
292.0	0	3	0	4
293.0	0	5	0	4
294.0	0	4	0	9
295.0	0	4	0	8
296.0	0	4	0	5
297.0	0	2	0	5
298.0	0	2	0	7
299.0	0	8	0	3
300.0	0	7	0	4
301.0	0	5	0	5
302.0	0	3	0	4
303.0	0	6	0	5
304.0	0	4	0	6
305.0	0	5	0	5
306.0	0	5	0	9
307.0	0	6	0	3
308.0	0	7	0	7
309.0	0	8	0	3
310.0	0	7	0	2
311.0	0	6	0	1
312.0	0	4	0	2
313.0	0	6	0	3
314.0	0	5	0	2
315.0	0	4	0	3
316.0	0	3	0	4
317.0	0	6	0	3
318.0	0	2	0	8
319.0	0	8	0	5
320.0	0	4	0	7
321.0	0	5	0	2
322.0	0	2	0	4
323.0	0	3	0	9
324.0	0	5	0	8
325.0	0	4	0	4
326.0	0	5	0	4
327.0	0	3	0	6
328.0	0	5	0	2
329.0	0	1	0	5
330.0	0	7	0	4
331.0	0	4	0	4
332.0	0	2	0	4
333.0	0	4	0	6
334.0	0	3	0	5
335.0	0	2	0	3
336.0	0	3	0	3
337.0	0	2	0	1
338.0	0	5	0	1
339.0	0	4	0	8
340.0	0	4	0	1
341.0	0	10	0	2
342.0	0	6	0	2
343.0	0	3	0	2
344.0	0	5	0	4
345.0	0	3	0	5
346.0	0	3	0	4
347.0	0	6	0	0
348.0	0	2	0	3
349.0	0	1	0	4
350.0	0	4	0	1
351.0	0	3	0	1
352.0	0	9	0	4
353.0	0	1	0	4
354.0	0	3	0	2
355.0	0	6	0	4
356.0	0	3	0	8
357.0	0	6	0	4
358.0	0	5	0	2
359.0	0	3	0	4
360.0	0	1	0	1
361.0	0	4	0	0
362.0	0	2	0	2
363.0	0	2	0	4
364.0	0	2	0	1
365.0	0	3	0	3
366.0	0	5	0	6
367.0	0	1	0	0
368.0	0	2	0	3
369.0	0	4	0	3
370.0	0	4	0	2
371.0	0	3	0	0
372.0	0	3	0	0
373.0	0	4	0	3
375.0	0	2	0	1
376.0	0	0	0	1
377.0	0	2	0	3
378.0	0	2	0	5
379.0	0	1	0	2
380.0	0	2	0	1
381.0	0	5	0	3
382.0	0	4	0	5
383.0	0	2	0	4
384.0	0	2	0	3
385.0	0	2	0	3
386.0	0	5	0	2
387.0	0	1	0	2
388.0	0	3	0	0
389.0	0	3	0	1
390.0	0	0	0	2
391.0	0	7	0	0
392.0	0	4	0	2
393.0	0	1	0	1
394.0	0	0	0	3
395.0	0	2	0	2
396.0	0	3	0	0
397.0	0	2	0	1
398.0	0	5	0	2
399.0	0	2	0	2
401.0	0	3	0	1
402.0	0	2	0	0
403.0	0	3	0	4
404.0	0	0	0	3
405.0	0	4	0	2
407.0	0	3	0	1
408.0	0	3	0	1
409.0	0	2	0	0
410.0	0	1	0	3
411.0	0	2	0	3
412.0	0	0	0	1
413.0	0	0	0	1
414.0	0	2	0	1
415.0	0	1	0	2
416.0	0	5	0	4
417.0	0	1	0	2
418.0	0	2	0	2
419.0	0	4	0	4
420.0	0	2	0	1
421.0	0	2	0	2
422.0	0	1	0	2
423.0	0	0	0	1
425.0	0	2	0	3
426.0	0	1	0	3
427.0	0	0	0	1
428.0	0	4	0	0
430.0	0	2	0	5
431.0	0	0	0	2
432.0	0	0	0	1
433.0	0	4	0	2
434.0	0	4	0	2
435.0	0	2	0	0
436.0	0	3	0	2
437.0	0	1	0	2
438.0	0	2	0	1
439.0	0	3	0	5
440.0	0	0	0	3
441.0	0	1	0	1
442.0	0	2	0	2
443.0	0	2	0	2
444.0	0	3	0	2
445.0	0	3	0	1
446.0	0	2	0	0
447.0	0	0	0	1
448.0	0	0	0	1
449.0	0	1	0	1
450.0	0	2	0	1
451.0	0	1	0	1
452.0	0	1	0	1
453.0	0	1	0	0
454.0	0	3	0	0
455.0	0	2	0	0
456.0	0	1	0	0
457.0	0	2	0	0
458.0	0	2	0	1
459.0	0	2	0	1
460.0	0	2	0	3
461.0	0	1	0	0
462.0	0	0	0	2
463.0	0	1	0	1
464.0	0	1	0	2
465.0	0	2	0	2
466.0	0	0	0	3
467.0	0	1	0	0
469.0	0	1	0	2
470.0	0	1	0	3
471.0	0	2	0	0
472.0	0	3	0	1
473.0	0	3	0	3
474.0	0	1	0	1
475.0	0	1	0	0
476.0	0	2	0	0
478.0	0	1	0	1
480.0	0	1	0	2
481.0	0	2	0	2
482.0	0	1	0	0
483.0	0	0	0	1
484.0	0	2	0	0
485.0	0	1	0	0
486.0	0	1	0	4
487.0	0	2	0	1
489.0	0	0	0	1
490.0	0	1	0	2
491.0	0	0	0	2
492.0	0	2	0	1
493.0	0	0	0	2
494.0	0	0	0	1
495.0	0	1	0	0
496.0	0	2	0	2
497.0	0	2	0	1
498.0	0	2	0	0
499.0	0	1	0	2
500.0	0	2	0	0
502.0	0	2	0	1
503.0	0	1	0	0
504.0	0	2	0	0
505.0	0	3	0	1
506.0	0	1	0	1
507.0	0	2	0	1
509.0	0	0	0	3
510.0	0	0	0	1
512.0	0	2	0	0
513.0	0	2	0	1
514.0	0	2	0	1
515.0	0	1	0	1
517.0	0	1	0	1
518.0	0	2	0	2
520.0	0	2	0	1
521.0	0	1	0	0
522.0	0	3	0	0
523.0	0	2	0	1
524.0	0	1	0	0
525.0	0	0	0	1
526.0	0	0	0	1
527.0	0	1	0	2
528.0	0	1	0	2
531.0	0	1	0	1
533.0	0	1	0	1
534.0	0	1	0	4
536.0	0	2	0	2
537.0	0	1	0	1
539.0	0	2	0	2
543.0	0	1	0	2
544.0	0	0	0	2
545.0	0	2	0	1
547.0	0	1	0	2
550.0	0	1	0	0
551.0	0	2	0	0
552.0	0	1	0	0
554.0	0	1	0	0
556.0	0	1	0	1
557.0	0	1	0	1
558.0	0	1	0	0
559.0	0	0	0	1
560.0	0	1	0	1
562.0	0	1	0	0
563.0	0	1	0	0
564.0	0	1	0	1
565.0	0	2	0	2
566.0	0	1	0	2
569.0	0	3	0	0
570.0	0	1	0	0
571.0	0	2	0	1
572.0	0	1	0	1
575.0	0	1	0	0
577.0	0	1	0	0
578.0	0	1	0	1
579.0	0	3	0	0
580.0	0	1	0	2
582.0	0	1	0	2
585.0	0	0	0	1
586.0	0	1	0	1
588.0	0	0	0	1
589.0	0	1	0	1
590.0	0	0	0	1
591.0	0	1	0	0
593.0	0	1	0	0
595.0	0	0	0	1
596.0	0	0	0	1
597.0	0	0	0	1
598.0	0	1	0	0
601.0	0	0	0	1
602.0	0	1	0	2
603.0	0	0	0	1
604.0	0	0	0	1
605.0	0	2	0	1
606.0	0	1	0	1
607.0	0	1	0	0
608.0	0	2	0	0
609.0	0	0	0	1
610.0	0	1	0	0
611.0	0	1	0	1
612.0	0	1	0	0
614.0	0	0	0	2
615.0	0	0	0	1
616.0	0	1	0	0
617.0	0	0	0	1
618.0	0	2	0	0
620.0	0	0	0	2
621.0	0	1	0	1
622.0	0	0	0	1
623.0	0	0	0	1
626.0	0	0	0	1
627.0	0	1	0	1
628.0	0	1	0	2
629.0	0	1	0	2
631.0	0	1	0	1
632.0	0	1	0	1
633.0	0	1	0	0
634.0	0	1	0	1
637.0	0	0	0	1
638.0	0	2	0	0
645.0	0	2	0	0
646.0	0	2	0	2
647.0	0	0	0	1
649.0	0	0	0	2
652.0	0	0	0	3
653.0	0	3	0	1
654.0	0	1	0	0
655.0	0	1	0	0
656.0	0	1	0	0
657.0	0	0	0	1
658.0	0	1	0	1
659.0	0	0	0	1
661.0	0	0	0	2
662.0	0	1	0	2
663.0	0	1	0	1
666.0	0	2	0	0
668.0	0	0	0	1
672.0	0	0	0	1
674.0	0	2	0	0
675.0	0	2	0	0
676.0	0	1	0	0
677.0	0	1	0	0
679.0	0	1	0	0
681.0	0	1	0	0
683.0	0	1	0	1
685.0	0	1	0	1
686.0	0	1	0	0
687.0	0	1	0	1
689.0	0	0	0	1
692.0	0	1	0	0
693.0	0	1	0	1
695.0	0	1	0	0
698.0	0	2	0	0
700.0	0	1	0	0
701.0	0	1	0	1
702.0	0	0	0	1
704.0	0	1	0	0
705.0	0	0	0	1
707.0	0	1	0	0
708.0	0	0	0	1
709.0	0	1	0	1
711.0	0	1	0	0
712.0	0	1	0	1
713.0	0	0	0	1
715.0	0	1	0	0
717.0	0	0	0	1
718.0	0	1	0	0
721.0	0	0	0	1
722.0	0	0	0	1
724.0	0	2	0	0
725.0	0	2	0	0
733.0	0	1	0	0
734.0	0	1	0	0
735.0	0	1	0	0
738.0	0	0	0	1
739.0	0	1	0	0
740.0	0	1	0	1
741.0	0	1	0	0
743.0	0	1	0	0
744.0	0	1	0	1
746.0	0	1	0	0
747.0	0	2	0	1
750.0	0	0	0	1
751.0	0	0	0	1
763.0	0	0	0	1
765.0	0	1	0	1
766.0	0	0	0	1
768.0	0	0	0	1
769.0	0	0	0	2
771.0	0	1	0	1
773.0	0	1	0	0
775.0	0	0	0	1
776.0	0	0	0	1
781.0	0	1	0	0
786.0	0	1	0	0
792.0	0	0	0	1
793.0	0	2	0	0
802.0	0	1	0	0
803.0	0	0	0	1
804.0	0	1	0	0
805.0	0	0	0	1
806.0	0	0	0	1
807.0	0	1	0	0
810.0	0	1	0	0
812.0	0	1	0	0
814.0	0	1	0	0
818.0	0	1	0	0
819.0	0	0	0	1
822.0	0	1	0	0
826.0	0	1	0	0
827.0	0	1	0	0
828.0	0	1	0	0
834.0	0	0	0	1
835.0	0	1	0	0
837.0	0	1	0	1
839.0	0	0	0	1
845.0	0	0	0	1
846.0	0	0	0	1
853.0	0	0	0	1
871.0	0	0	0	2
876.0	0	1	0	0
880.0	0	0	0	1
883.0	0	1	0	0
884.0	0	3	0	0
889.0	0	1	0	0
890.0	0	0	0	1
891.0	0	1	0	0
902.0	0	1	0	0
905.0	0	0	0	1
906.0	0	0	0	1
910.0	0	1	0	1
911.0	0	0	0	1
913.0	0	1	0	0
918.0	0	1	0	0
923.0	0	0	0	1
924.0	0	1	0	1
928.0	0	1	0	0
930.0	0	0	0	1
936.0	0	0	0	1
937.0	0	0	0	1
943.0	0	0	0	1
948.0	0	0	0	1
955.0	0	1	0	0
964.0	0	1	0	0
966.0	0	0	0	2
968.0	0	1	0	0
977.0	0	0	0	1
985.0	0	1	0	0
988.0	0	1	0	0
993.0	0	1	0	0
994.0	0	0	0	1
1000.0	0	1	0	0
1001.0	0	1	0	0
1002.0	0	0	0	1
1011.0	0	0	0	1
1013.0	0	1	0	0
1021.0	0	2	0	0
1025.0	0	1	0	0
1026.0	0	1	0	0
1029.0	0	0	0	1
1032.0	0	0	0	1
1037.0	0	1	0	0
1038.0	0	0	0	1
1039.0	0	1	0	0
1042.0	0	1	0	0
1059.0	0	0	0	1
1062.0	0	1	0	0
1068.0	0	1	0	1
1070.0	0	0	0	1
1075.0	0	0	0	1
1086.0	0	0	0	1
1097.0	0	1	0	0
1105.0	0	0	0	1
1109.0	0	1	0	0
1112.0	0	1	0	0
1124.0	0	1	0	0
1128.0	0	1	0	0
1134.0	0	0	0	1
1138.0	0	0	0	1
1151.0	0	1	0	1
1156.0	0	0	0	1
1164.0	0	1	0	0
1181.0	0	1	0	0
1183.0	0	1	0	0
1189.0	0	0	0	1
1192.0	0	0	0	1
1193.0	0	1	0	0
1203.0	0	0	0	1
1222.0	0	1	0	0
1227.0	0	0	0	1
1230.0	0	1	0	0
1249.0	0	1	0	0
1250.0	0	0	0	1
1261.0	0	1	0	0
1262.0	0	1	0	0
1269.0	0	1	0	0
1278.0	0	0	0	1
1281.0	0	0	0	1
1297.0	0	0	0	1
1326.0	0	1	0	0
1332.0	0	0	0	1
1336.0	0	1	0	0
1338.0	0	0	0	1
1343.0	0	1	0	0
1349.0	0	0	0	1
1355.0	0	1	0	0
1366.0	0	1	0	0
1371.0	0	0	0	1
1377.0	0	0	0	1
1383.0	0	0	0	1
1422.0	0	1	0	0
1426.0	0	1	0	0
1427.0	0	1	0	0
1435.0	0	1	0	0
1441.0	0	1	0	0
1489.0	0	0	0	1
1498.0	0	0	0	1
1512.0	0	0	0	2
1542.0	0	0	0	1
1552.0	0	0	0	1
1565.0	0	0	0	1
1571.0	0	1	0	0
1580.0	0	1	0	0
1584.0	0	1	0	0
1634.0	0	1	0	0
1666.0	0	1	0	0
1675.0	0	1	0	0
1679.0	0	1	0	0
1731.0	0	1	0	1
1850.0	0	1	0	0
1862.0	0	0	0	1
1885.0	0	0	0	1
1956.0	0	1	0	0
1977.0	0	1	0	0
1981.0	0	0	0	1
2003.0	0	0	0	1
2020.0	0	0	0	1
2126.0	0	1	0	0
2152.0	0	1	0	0
2194.0	0	0	0	1
2253.0	0	1	0	0
2299.0	0	1	0	0

