## htsjdk.samtools.metrics.StringHeader
# MarkDuplicates --SORTING_COLLECTION_SIZE_RATIO 0.8 --INPUT /tmp/itamburi/36400634/n84_sorted.bam --OUTPUT /tmp/itamburi/36400634/n84_dd.bam --METRICS_FILE /tmp/itamburi/36400634/n84_mrkdp_met.txt --REMOVE_DUPLICATES true --ASSUME_SORTED true --VALIDATION_STRINGENCY SILENT --COMPRESSION_LEVEL 0 --MAX_SEQUENCES_FOR_DISK_READ_ENDS_MAP 50000 --MAX_FILE_HANDLES_FOR_READ_ENDS_MAP 8000 --TAG_DUPLICATE_SET_MEMBERS false --REMOVE_SEQUENCING_DUPLICATES false --TAGGING_POLICY DontTag --CLEAR_DT true --DUPLEX_UMI false --ADD_PG_TAG_TO_READS true --DUPLICATE_SCORING_STRATEGY SUM_OF_BASE_QUALITIES --PROGRAM_RECORD_ID MarkDuplicates --PROGRAM_GROUP_NAME MarkDuplicates --READ_NAME_REGEX <optimized capture of last three ':' separated fields as numeric values> --OPTICAL_DUPLICATE_PIXEL_DISTANCE 100 --MAX_OPTICAL_DUPLICATE_SET_SIZE 300000 --VERBOSITY INFO --QUIET false --MAX_RECORDS_IN_RAM 500000 --CREATE_INDEX false --CREATE_MD5_FILE false --GA4GH_CLIENT_SECRETS client_secrets.json --help false --version false --showHidden false --USE_JDK_DEFLATER false --USE_JDK_INFLATER false
## htsjdk.samtools.metrics.StringHeader
# Started on: Tue Mar 11 10:51:43 PDT 2025

## METRICS CLASS	picard.sam.DuplicationMetrics
LIBRARY	UNPAIRED_READS_EXAMINED	READ_PAIRS_EXAMINED	SECONDARY_OR_SUPPLEMENTARY_RDS	UNMAPPED_READS	UNPAIRED_READ_DUPLICATES	READ_PAIR_DUPLICATES	READ_PAIR_OPTICAL_DUPLICATES	PERCENT_DUPLICATION	ESTIMATED_LIBRARY_SIZE
Unknown Library	0	20866672	1700140	0	0	11953029	1324414	0.572829	10583726

## HISTOGRAM	java.lang.Double
BIN	CoverageMult	all_sets	optical_sets	non_optical_sets
1.0	1.022038	5192374	0	5536432
2.0	1.164343	2099921	736472	2021932
3.0	1.184157	800318	123350	676964
4.0	1.186916	312833	31651	241992
5.0	1.1873	138081	12213	106461
6.0	1.187354	73060	6266	59393
7.0	1.187361	46960	3710	40787
8.0	1.187362	33326	2315	29882
9.0	1.187363	25692	1697	23654
10.0	1.187363	20488	1253	18956
11.0	1.187363	16977	981	15934
12.0	1.187363	14113	738	13019
13.0	1.187363	12133	548	11230
14.0	1.187363	10311	464	9351
15.0	1.187363	8949	370	8319
16.0	1.187363	7903	310	7340
17.0	1.187363	6835	282	6235
18.0	1.187363	6123	215	5655
19.0	1.187363	5376	173	4958
20.0	1.187363	4867	158	4639
21.0	1.187363	4513	118	4201
22.0	1.187363	4135	131	3732
23.0	1.187363	3706	125	3384
24.0	1.187363	3392	104	3144
25.0	1.187363	3005	69	2868
26.0	1.187363	2931	61	2634
27.0	1.187363	2607	67	2359
28.0	1.187363	2327	62	2212
29.0	1.187363	2256	46	2109
30.0	1.187363	2054	48	1961
31.0	1.187363	1926	34	1738
32.0	1.187363	1819	38	1596
33.0	1.187363	1699	36	1525
34.0	1.187363	1594	34	1451
35.0	1.187363	1482	31	1363
36.0	1.187363	1314	25	1307
37.0	1.187363	1382	18	1191
38.0	1.187363	1213	23	1116
39.0	1.187363	1178	24	1146
40.0	1.187363	1088	14	1047
41.0	1.187363	1086	17	1011
42.0	1.187363	1053	15	936
43.0	1.187363	961	10	889
44.0	1.187363	917	20	847
45.0	1.187363	848	11	799
46.0	1.187363	812	8	692
47.0	1.187363	792	9	711
48.0	1.187363	731	17	722
49.0	1.187363	716	8	657
50.0	1.187363	670	5	589
51.0	1.187363	680	11	595
52.0	1.187363	617	8	550
53.0	1.187363	593	7	524
54.0	1.187363	570	6	497
55.0	1.187363	521	5	449
56.0	1.187363	514	5	471
57.0	1.187363	466	5	443
58.0	1.187363	497	2	419
59.0	1.187363	435	5	419
60.0	1.187363	387	2	417
61.0	1.187363	427	4	385
62.0	1.187363	408	6	406
63.0	1.187363	443	3	354
64.0	1.187363	349	2	357
65.0	1.187363	400	3	360
66.0	1.187363	355	4	320
67.0	1.187363	363	2	319
68.0	1.187363	344	2	295
69.0	1.187363	330	4	278
70.0	1.187363	283	2	281
71.0	1.187363	265	7	262
72.0	1.187363	316	4	274
73.0	1.187363	279	6	267
74.0	1.187363	275	4	213
75.0	1.187363	263	4	230
76.0	1.187363	246	1	233
77.0	1.187363	218	2	205
78.0	1.187363	228	0	231
79.0	1.187363	233	0	225
80.0	1.187363	231	3	214
81.0	1.187363	242	1	198
82.0	1.187363	216	0	187
83.0	1.187363	196	1	199
84.0	1.187363	180	3	206
85.0	1.187363	207	3	165
86.0	1.187363	180	4	190
87.0	1.187363	193	2	163
88.0	1.187363	188	2	160
89.0	1.187363	183	2	170
90.0	1.187363	179	0	146
91.0	1.187363	200	1	143
92.0	1.187363	170	1	148
93.0	1.187363	165	1	130
94.0	1.187363	135	1	139
95.0	1.187363	146	0	144
96.0	1.187363	142	1	115
97.0	1.187363	128	2	120
98.0	1.187363	122	0	137
99.0	1.187363	140	0	111
100.0	1.187363	124	1	123
101.0	0	134	0	129
102.0	0	113	2	112
103.0	0	116	2	119
104.0	0	140	0	104
105.0	0	109	0	97
106.0	0	110	0	99
107.0	0	118	0	90
108.0	0	111	1	81
109.0	0	95	1	90
110.0	0	104	1	95
111.0	0	97	1	79
112.0	0	92	0	90
113.0	0	92	0	84
114.0	0	91	2	81
115.0	0	100	2	83
116.0	0	76	0	100
117.0	0	85	0	63
118.0	0	92	0	85
119.0	0	92	0	75
120.0	0	71	0	71
121.0	0	93	2	61
122.0	0	59	0	64
123.0	0	71	1	57
124.0	0	64	0	63
125.0	0	79	0	62
126.0	0	80	0	76
127.0	0	54	0	77
128.0	0	60	0	62
129.0	0	57	0	60
130.0	0	71	0	56
131.0	0	67	2	71
132.0	0	72	0	71
133.0	0	68	0	55
134.0	0	66	1	55
135.0	0	57	1	53
136.0	0	56	0	55
137.0	0	58	0	58
138.0	0	61	0	42
139.0	0	58	0	54
140.0	0	76	0	46
141.0	0	50	2	54
142.0	0	58	1	45
143.0	0	59	0	43
144.0	0	42	0	47
145.0	0	44	0	42
146.0	0	53	0	49
147.0	0	47	0	36
148.0	0	46	0	48
149.0	0	52	1	60
150.0	0	44	0	50
151.0	0	44	0	46
152.0	0	45	0	38
153.0	0	47	1	38
154.0	0	41	0	47
155.0	0	49	0	32
156.0	0	43	0	41
157.0	0	44	0	36
158.0	0	45	0	47
159.0	0	41	0	38
160.0	0	41	0	28
161.0	0	41	0	41
162.0	0	41	0	34
163.0	0	42	1	42
164.0	0	40	0	36
165.0	0	37	0	23
166.0	0	31	0	32
167.0	0	29	0	24
168.0	0	50	0	37
169.0	0	32	0	31
170.0	0	39	0	25
171.0	0	35	0	32
172.0	0	33	0	29
173.0	0	28	0	38
174.0	0	35	0	32
175.0	0	35	0	24
176.0	0	30	0	20
177.0	0	30	0	24
178.0	0	31	1	27
179.0	0	30	0	27
180.0	0	29	0	31
181.0	0	36	0	17
182.0	0	22	0	19
183.0	0	29	0	26
184.0	0	20	0	23
185.0	0	27	0	24
186.0	0	31	1	26
187.0	0	29	1	20
188.0	0	24	0	21
189.0	0	18	0	26
190.0	0	22	0	20
191.0	0	33	0	27
192.0	0	26	0	24
193.0	0	26	0	20
194.0	0	20	0	20
195.0	0	25	0	17
196.0	0	25	0	17
197.0	0	20	0	15
198.0	0	28	0	26
199.0	0	24	0	11
200.0	0	15	0	18
201.0	0	20	0	18
202.0	0	18	0	19
203.0	0	18	1	27
204.0	0	19	0	25
205.0	0	25	0	18
206.0	0	20	0	19
207.0	0	18	0	23
208.0	0	25	0	16
209.0	0	17	0	14
210.0	0	21	0	15
211.0	0	13	0	15
212.0	0	16	0	21
213.0	0	25	0	27
214.0	0	20	0	12
215.0	0	12	0	15
216.0	0	18	0	19
217.0	0	15	0	23
218.0	0	14	0	21
219.0	0	16	0	19
220.0	0	10	0	14
221.0	0	21	0	20
222.0	0	21	0	15
223.0	0	13	0	13
224.0	0	18	0	13
225.0	0	15	0	12
226.0	0	19	0	19
227.0	0	25	0	12
228.0	0	11	0	18
229.0	0	19	0	10
230.0	0	16	0	12
231.0	0	17	0	16
232.0	0	15	0	12
233.0	0	18	0	6
234.0	0	15	0	15
235.0	0	13	0	16
236.0	0	10	0	11
237.0	0	12	0	10
238.0	0	18	0	12
239.0	0	12	0	10
240.0	0	19	0	10
241.0	0	23	0	14
242.0	0	15	0	13
243.0	0	13	0	13
244.0	0	9	0	10
245.0	0	13	0	6
246.0	0	12	0	10
247.0	0	7	0	9
248.0	0	12	0	4
249.0	0	13	0	9
250.0	0	9	0	2
251.0	0	8	0	8
252.0	0	12	0	10
253.0	0	18	0	11
254.0	0	12	0	8
255.0	0	8	1	8
256.0	0	8	0	12
257.0	0	14	0	13
258.0	0	6	0	9
259.0	0	6	0	11
260.0	0	10	0	13
261.0	0	8	0	4
262.0	0	10	0	10
263.0	0	11	0	7
264.0	0	13	0	9
265.0	0	8	0	9
266.0	0	5	0	7
267.0	0	17	0	3
268.0	0	13	0	6
269.0	0	8	0	6
270.0	0	12	0	12
271.0	0	9	0	6
272.0	0	9	0	13
273.0	0	6	0	9
274.0	0	11	0	9
275.0	0	14	0	10
276.0	0	6	0	11
277.0	0	9	0	1
278.0	0	3	0	8
279.0	0	10	0	4
280.0	0	6	0	3
281.0	0	6	0	8
282.0	0	10	0	11
283.0	0	2	0	10
284.0	0	6	0	7
285.0	0	9	0	8
286.0	0	9	0	6
287.0	0	11	0	3
288.0	0	6	0	12
289.0	0	5	0	5
290.0	0	3	0	11
291.0	0	6	0	8
292.0	0	11	0	6
293.0	0	8	0	5
294.0	0	12	0	10
295.0	0	5	0	7
296.0	0	8	0	6
297.0	0	3	0	3
298.0	0	4	0	11
299.0	0	6	0	8
300.0	0	8	0	5
301.0	0	4	0	6
302.0	0	8	0	2
303.0	0	10	0	10
304.0	0	9	0	5
305.0	0	7	0	3
306.0	0	7	0	3
307.0	0	6	0	2
308.0	0	5	0	3
309.0	0	7	0	6
310.0	0	9	0	5
311.0	0	8	0	7
312.0	0	8	0	6
313.0	0	7	0	3
314.0	0	6	0	10
315.0	0	8	0	7
316.0	0	4	0	4
317.0	0	9	0	4
318.0	0	3	0	5
319.0	0	4	0	7
320.0	0	8	0	5
321.0	0	4	0	10
322.0	0	9	0	5
323.0	0	4	0	8
324.0	0	3	0	6
325.0	0	6	0	5
326.0	0	13	0	4
327.0	0	4	0	8
328.0	0	3	0	2
329.0	0	8	0	1
330.0	0	9	0	2
331.0	0	4	0	4
332.0	0	0	0	5
333.0	0	3	0	6
334.0	0	7	0	7
335.0	0	6	0	4
336.0	0	6	0	4
337.0	0	5	0	7
338.0	0	5	0	6
339.0	0	7	0	6
340.0	0	0	0	2
341.0	0	8	0	3
342.0	0	8	0	5
343.0	0	2	0	7
344.0	0	6	0	3
345.0	0	3	0	6
346.0	0	6	0	1
347.0	0	2	0	4
348.0	0	4	0	5
349.0	0	6	0	2
350.0	0	8	0	5
351.0	0	1	0	3
352.0	0	4	0	7
353.0	0	4	0	3
354.0	0	7	1	9
355.0	0	3	0	5
356.0	0	4	0	5
357.0	0	8	0	4
358.0	0	2	0	3
359.0	0	5	0	3
360.0	0	2	0	2
361.0	0	4	0	2
362.0	0	3	0	4
363.0	0	8	0	11
364.0	0	3	0	4
365.0	0	3	0	5
366.0	0	7	0	7
367.0	0	1	0	2
368.0	0	3	0	5
369.0	0	6	0	4
370.0	0	3	0	0
371.0	0	4	0	3
372.0	0	4	0	6
373.0	0	1	0	5
374.0	0	4	0	5
375.0	0	5	0	2
376.0	0	6	0	2
377.0	0	3	0	2
378.0	0	5	0	5
379.0	0	2	0	2
380.0	0	10	0	5
381.0	0	2	0	5
382.0	0	5	0	6
383.0	0	6	0	3
384.0	0	4	0	3
385.0	0	4	0	2
386.0	0	6	0	2
387.0	0	5	0	2
388.0	0	3	0	3
389.0	0	2	0	3
390.0	0	4	0	1
391.0	0	4	0	1
392.0	0	5	0	4
393.0	0	3	0	6
394.0	0	3	0	0
395.0	0	6	0	2
396.0	0	2	0	4
397.0	0	5	0	0
398.0	0	2	0	5
399.0	0	1	0	2
400.0	0	4	0	2
401.0	0	3	0	1
402.0	0	3	0	4
403.0	0	2	0	1
404.0	0	6	0	1
405.0	0	3	0	6
406.0	0	5	0	3
407.0	0	4	0	6
408.0	0	1	0	1
409.0	0	3	0	2
410.0	0	1	0	3
411.0	0	0	0	4
412.0	0	2	0	2
413.0	0	2	0	4
414.0	0	5	0	4
415.0	0	2	0	4
416.0	0	1	0	1
417.0	0	2	0	3
418.0	0	3	0	1
419.0	0	3	0	2
420.0	0	1	0	3
421.0	0	2	0	2
422.0	0	2	0	3
423.0	0	1	0	2
424.0	0	6	0	3
425.0	0	3	0	2
426.0	0	1	0	2
427.0	0	3	0	4
428.0	0	5	0	2
429.0	0	2	0	4
430.0	0	0	0	4
431.0	0	5	0	0
432.0	0	3	0	3
433.0	0	3	0	2
434.0	0	3	0	3
435.0	0	5	0	3
436.0	0	4	0	3
437.0	0	3	0	4
439.0	0	2	0	2
440.0	0	4	0	2
441.0	0	0	0	1
442.0	0	0	0	1
443.0	0	5	0	4
444.0	0	5	0	1
445.0	0	4	0	1
446.0	0	4	0	2
447.0	0	1	0	0
448.0	0	1	0	2
449.0	0	1	0	0
450.0	0	3	0	0
451.0	0	2	0	1
452.0	0	1	0	0
453.0	0	1	0	3
454.0	0	2	0	4
455.0	0	3	0	2
456.0	0	3	0	1
457.0	0	3	0	2
458.0	0	2	0	1
459.0	0	3	0	1
460.0	0	3	0	4
461.0	0	1	0	2
462.0	0	1	0	3
463.0	0	2	0	1
464.0	0	2	0	2
465.0	0	3	0	1
466.0	0	0	0	3
467.0	0	4	0	3
469.0	0	4	0	1
470.0	0	4	0	4
471.0	0	2	0	0
472.0	0	1	0	5
473.0	0	2	0	1
474.0	0	2	0	1
475.0	0	1	0	1
476.0	0	1	0	1
477.0	0	3	0	4
478.0	0	1	0	1
479.0	0	2	0	2
480.0	0	1	0	0
481.0	0	1	0	1
482.0	0	3	0	3
483.0	0	2	0	1
484.0	0	1	0	2
485.0	0	4	0	5
487.0	0	2	0	2
488.0	0	2	0	0
489.0	0	1	0	3
490.0	0	2	0	1
491.0	0	3	0	2
492.0	0	2	0	0
493.0	0	2	0	1
494.0	0	2	0	1
495.0	0	3	0	2
496.0	0	1	0	1
497.0	0	0	0	2
498.0	0	1	0	2
499.0	0	1	0	2
500.0	0	1	0	0
501.0	0	3	0	1
502.0	0	2	0	2
503.0	0	2	0	0
504.0	0	1	0	0
505.0	0	1	0	2
506.0	0	2	0	2
507.0	0	1	0	1
508.0	0	3	0	2
509.0	0	3	0	1
510.0	0	1	0	3
512.0	0	1	0	1
513.0	0	2	0	2
514.0	0	1	0	2
515.0	0	3	0	0
516.0	0	5	0	2
517.0	0	2	0	0
518.0	0	2	0	1
519.0	0	0	0	3
520.0	0	2	0	1
521.0	0	0	0	3
522.0	0	3	0	0
523.0	0	0	0	1
524.0	0	0	0	1
525.0	0	0	0	1
526.0	0	2	0	0
527.0	0	0	0	1
528.0	0	2	0	1
529.0	0	1	0	1
531.0	0	1	0	1
532.0	0	3	0	1
534.0	0	0	0	3
535.0	0	2	0	3
536.0	0	4	0	3
537.0	0	1	0	0
538.0	0	2	0	2
539.0	0	1	0	0
540.0	0	0	0	3
541.0	0	4	0	1
542.0	0	1	0	0
543.0	0	2	0	1
544.0	0	1	0	1
545.0	0	2	0	1
546.0	0	2	0	0
547.0	0	0	0	1
548.0	0	2	0	1
549.0	0	1	0	1
551.0	0	0	0	2
552.0	0	0	0	1
553.0	0	0	0	1
554.0	0	4	0	0
555.0	0	1	0	0
556.0	0	0	0	2
557.0	0	1	0	1
558.0	0	1	0	1
559.0	0	1	0	2
560.0	0	4	0	2
561.0	0	2	0	0
562.0	0	1	0	1
563.0	0	1	0	0
565.0	0	1	0	1
566.0	0	1	0	0
567.0	0	1	0	2
568.0	0	0	0	1
569.0	0	3	0	1
571.0	0	3	0	0
572.0	0	1	0	1
573.0	0	1	0	1
574.0	0	1	0	2
575.0	0	1	0	0
577.0	0	1	0	0
579.0	0	2	0	0
580.0	0	1	0	1
581.0	0	2	0	1
582.0	0	1	0	3
583.0	0	0	0	1
584.0	0	1	0	0
585.0	0	1	0	1
586.0	0	1	0	1
587.0	0	1	0	1
588.0	0	1	0	0
591.0	0	1	0	0
592.0	0	1	0	1
594.0	0	0	0	2
595.0	0	0	0	3
596.0	0	1	0	0
597.0	0	0	0	1
598.0	0	1	0	1
599.0	0	2	0	1
600.0	0	1	0	0
601.0	0	1	0	1
602.0	0	1	0	2
603.0	0	2	0	1
604.0	0	0	0	1
605.0	0	3	0	1
607.0	0	0	0	1
608.0	0	1	0	2
610.0	0	0	0	1
611.0	0	2	0	1
613.0	0	2	0	2
617.0	0	0	0	1
618.0	0	2	0	1
619.0	0	1	0	1
620.0	0	2	0	3
621.0	0	1	0	0
622.0	0	0	0	2
623.0	0	1	0	0
624.0	0	0	0	1
626.0	0	0	0	2
627.0	0	1	0	0
628.0	0	0	0	1
629.0	0	1	0	1
631.0	0	0	0	1
632.0	0	2	0	0
633.0	0	1	0	0
634.0	0	0	0	1
635.0	0	3	0	1
636.0	0	1	0	3
637.0	0	0	0	1
638.0	0	1	0	1
639.0	0	0	0	1
640.0	0	1	0	0
641.0	0	0	0	1
642.0	0	0	0	1
643.0	0	1	0	1
644.0	0	1	0	0
645.0	0	0	0	1
646.0	0	2	0	0
649.0	0	1	0	2
650.0	0	1	0	1
651.0	0	0	0	2
652.0	0	0	0	1
653.0	0	1	0	1
654.0	0	0	0	1
656.0	0	1	0	1
657.0	0	2	0	0
658.0	0	2	0	1
659.0	0	1	0	1
660.0	0	1	0	0
662.0	0	1	0	0
663.0	0	1	0	0
665.0	0	3	0	0
667.0	0	1	0	0
668.0	0	1	0	0
669.0	0	1	0	0
670.0	0	1	0	2
671.0	0	1	0	0
673.0	0	2	0	0
674.0	0	1	0	1
676.0	0	3	0	1
677.0	0	2	0	1
678.0	0	1	0	0
679.0	0	0	0	1
680.0	0	1	0	0
681.0	0	2	0	0
684.0	0	2	0	0
685.0	0	1	0	0
686.0	0	2	0	1
687.0	0	1	0	0
689.0	0	1	0	1
691.0	0	0	0	1
692.0	0	1	0	0
693.0	0	0	0	2
694.0	0	1	0	0
695.0	0	1	0	1
696.0	0	1	0	1
697.0	0	1	0	0
703.0	0	1	0	0
707.0	0	1	0	0
708.0	0	1	0	0
710.0	0	0	0	1
713.0	0	1	0	0
717.0	0	0	0	1
719.0	0	1	0	0
721.0	0	0	0	1
723.0	0	0	0	2
726.0	0	0	0	2
727.0	0	2	0	1
728.0	0	0	0	1
729.0	0	0	0	1
730.0	0	0	0	1
732.0	0	0	0	2
735.0	0	0	0	1
737.0	0	0	0	1
740.0	0	0	0	3
742.0	0	1	0	1
743.0	0	0	0	1
744.0	0	1	0	1
752.0	0	1	0	0
753.0	0	2	0	0
757.0	0	1	0	1
759.0	0	1	0	1
761.0	0	2	0	2
762.0	0	0	0	1
765.0	0	1	0	1
767.0	0	0	0	1
768.0	0	1	0	0
770.0	0	0	0	1
771.0	0	1	0	0
772.0	0	1	0	0
773.0	0	1	0	0
774.0	0	0	0	1
775.0	0	0	0	1
778.0	0	2	0	1
780.0	0	1	0	0
781.0	0	1	0	0
782.0	0	0	0	2
783.0	0	0	0	1
785.0	0	0	0	1
786.0	0	0	0	1
787.0	0	0	0	1
790.0	0	2	0	0
793.0	0	1	0	0
799.0	0	0	0	1
800.0	0	1	0	0
802.0	0	2	0	0
804.0	0	2	0	0
805.0	0	1	0	0
806.0	0	1	0	1
807.0	0	0	0	2
808.0	0	1	0	1
809.0	0	1	0	0
810.0	0	2	0	0
812.0	0	1	0	0
813.0	0	2	0	1
814.0	0	1	0	0
819.0	0	1	0	1
825.0	0	1	0	1
827.0	0	1	0	0
829.0	0	0	0	1
831.0	0	0	0	2
832.0	0	0	0	1
833.0	0	1	0	0
835.0	0	1	0	0
836.0	0	1	0	0
837.0	0	1	0	1
847.0	0	2	0	0
849.0	0	0	0	1
851.0	0	1	0	0
852.0	0	0	0	1
856.0	0	1	0	0
857.0	0	0	0	1
859.0	0	1	0	0
862.0	0	1	0	0
866.0	0	0	0	1
869.0	0	1	0	0
871.0	0	1	0	0
875.0	0	0	0	1
876.0	0	1	0	0
878.0	0	1	0	0
882.0	0	1	0	0
884.0	0	1	0	0
886.0	0	1	0	0
890.0	0	0	0	1
892.0	0	0	0	1
893.0	0	0	0	1
895.0	0	1	0	0
897.0	0	1	0	0
898.0	0	1	0	1
899.0	0	0	0	1
904.0	0	0	0	1
907.0	0	1	0	0
908.0	0	1	0	0
915.0	0	0	0	2
918.0	0	0	0	1
922.0	0	0	0	1
923.0	0	0	0	1
927.0	0	1	0	0
928.0	0	1	0	0
933.0	0	0	0	1
935.0	0	1	0	0
936.0	0	2	0	1
938.0	0	0	0	1
947.0	0	2	0	0
949.0	0	0	0	1
955.0	0	0	0	1
956.0	0	0	0	1
963.0	0	0	0	1
966.0	0	1	0	0
967.0	0	0	0	1
970.0	0	0	0	1
971.0	0	1	0	0
973.0	0	0	0	1
974.0	0	2	0	0
975.0	0	0	0	1
978.0	0	1	0	0
980.0	0	0	0	1
983.0	0	1	0	0
989.0	0	2	0	0
993.0	0	0	0	1
996.0	0	0	0	1
1000.0	0	1	0	0
1010.0	0	1	0	0
1012.0	0	0	0	1
1013.0	0	0	0	1
1019.0	0	1	0	0
1020.0	0	1	0	0
1021.0	0	1	0	1
1025.0	0	1	0	1
1026.0	0	0	0	1
1028.0	0	0	0	1
1032.0	0	1	0	0
1036.0	0	1	0	0
1037.0	0	1	0	0
1042.0	0	0	0	1
1044.0	0	0	0	1
1049.0	0	0	0	1
1061.0	0	0	0	1
1065.0	0	0	0	1
1071.0	0	1	0	0
1072.0	0	1	0	0
1078.0	0	1	0	1
1083.0	0	1	0	0
1086.0	0	2	0	0
1093.0	0	1	0	1
1094.0	0	0	0	1
1097.0	0	1	0	0
1100.0	0	1	0	0
1104.0	0	0	0	1
1113.0	0	1	0	0
1114.0	0	1	0	0
1115.0	0	1	0	1
1119.0	0	1	0	0
1126.0	0	1	0	0
1127.0	0	0	0	1
1141.0	0	0	0	1
1143.0	0	0	0	1
1151.0	0	0	0	1
1152.0	0	0	0	1
1153.0	0	0	0	1
1158.0	0	1	0	0
1160.0	0	0	0	1
1161.0	0	0	0	1
1166.0	0	1	0	1
1173.0	0	0	0	1
1181.0	0	1	0	0
1182.0	0	0	0	1
1187.0	0	1	0	0
1195.0	0	0	0	1
1198.0	0	0	0	1
1199.0	0	1	0	0
1206.0	0	0	0	1
1211.0	0	1	0	0
1212.0	0	1	0	0
1220.0	0	1	0	0
1221.0	0	1	0	0
1223.0	0	2	0	0
1226.0	0	0	0	1
1242.0	0	1	0	0
1244.0	0	0	0	1
1247.0	0	0	0	1
1252.0	0	1	0	0
1256.0	0	1	0	0
1257.0	0	1	0	0
1265.0	0	0	0	1
1267.0	0	1	0	0
1270.0	0	1	0	0
1276.0	0	0	0	1
1277.0	0	0	0	1
1280.0	0	1	0	0
1284.0	0	1	0	1
1293.0	0	0	0	1
1295.0	0	1	0	0
1305.0	0	1	0	0
1308.0	0	1	0	0
1312.0	0	0	0	1
1314.0	0	0	0	1
1318.0	0	1	0	0
1324.0	0	1	0	0
1331.0	0	1	0	0
1349.0	0	1	0	0
1355.0	0	1	0	0
1359.0	0	0	0	1
1360.0	0	0	0	1
1383.0	0	0	0	1
1384.0	0	0	0	1
1390.0	0	0	0	1
1395.0	0	1	0	0
1414.0	0	0	0	1
1421.0	0	2	0	0
1424.0	0	1	0	0
1430.0	0	1	0	0
1445.0	0	1	0	0
1466.0	0	0	0	1
1505.0	0	1	0	0
1507.0	0	0	0	1
1510.0	0	1	0	0
1512.0	0	0	0	1
1530.0	0	1	0	0
1550.0	0	1	0	0
1593.0	0	1	0	0
1613.0	0	1	0	0
1627.0	0	0	0	2
1693.0	0	0	0	1
1710.0	0	0	0	1
1768.0	0	1	0	0
1779.0	0	0	0	1
1802.0	0	1	0	0
1813.0	0	1	0	0
1850.0	0	0	0	1
1858.0	0	1	0	0
1865.0	0	0	0	1
1880.0	0	1	0	0
1892.0	0	0	0	1
1906.0	0	0	0	1
1963.0	0	1	0	0
1978.0	0	1	0	0
2008.0	0	0	0	1
2026.0	0	1	0	0
2046.0	0	1	0	0
2069.0	0	0	0	1
2103.0	0	1	0	0
2105.0	0	0	0	1
2249.0	0	0	0	1
2271.0	0	1	0	0
2359.0	0	1	0	0
2411.0	0	1	0	0
2622.0	0	0	0	1
2705.0	0	0	0	1
2711.0	0	0	0	1
2807.0	0	1	0	0
2838.0	0	1	0	0
3064.0	0	1	0	0

