274330532
151935994
132848913
130910915
104526007
170843587
121844099
138966237
139512083
69359453
79169978
61602749
208334590
141755446
140412725
79944280
63494081
55982971
125939595
43547828
438769
492890
56573
162579
167521
73062
81402
62281
44425
35090
39236
169331
38262
33498
27922
73391
36784
24675
43773
39267
37252
89749
93881
26351
49126
25711
21439
333895
27663
32062
34570
133611
55662
36105
40414
50081
17027
63393
22885
61061
42170
145869
24616
47643
26654
54345
45734
23737
22269
170852
26145
111136
99018
29734
24338
101917
2088057
42492
404434
24571
34572
31792
42190
72435
22208
37414
46845
27355
51665
96200
61746
71707
28245
162163
65518
130110
31897
34675
44863
182797
60359
19274
94815
24819
95440
72037
46053
24729
15547
441855
83258
25373
40390
304882
28220
65658
46301
899810
15919
24670
40048
57178
49406
39765
23675
55089
22393
89753
121216
35800
75082
25912
59096
23994
105554
23493
59742
18189
100697
67596
47889
34704
44774
64041
1159966
15496
35839
38669
41701
79602
25467
457951
30249
47123
20419
16266
166067
39522
230773
21463
21409
26018
30558
191720
21821
78723
27743
131902
154740
19728
39598
36608
61450
27635
56960
64268
26642
30397
32989
24873
35698
452860
37050
172180
24015
35413
37675
24118
22457
74153
92946
45692
72946
17331
28062
63293
95954
413771
15543
55808
30466
50567
20938
19277
61624
35256
34945
22650
37985
38060
23690
2125600
19005
20938
25476
24880
91927
36264
81645
16500
30837
98791
3843259
46114
49050
50335
25241
31175
64639
66683
56626
18134
248197
17747
17924
67854
229168
46849
87541
27681
30547
175079
77398
45163
23971
32067
36859
1284139
127286
67873
52466
25358
74125
24422
156208
21690
20589
15689
29154
32348
161540
463424
32614
28902
37674
105175
25057
97889
196394
29544
23240
35132
24396
19443
44010
28054
40713
29131
27978
24313
122898
61233
128219
71095
46061
36425
38775
19482
110875
23710
37293
66671
38247
332772
55519
30003
72884
47524
19234
75957
22707
338089
50575
20300
26916
136983
25463
25182
83739
152378
43143
48413
34187
89764
66393
238141
50243
24575
60710
131066
15107
111963
59490
71279
42628
55444
61233
136362
141821
153176
85322
122690
36098
437422
50759
71706
58548
463454
147927
58416
52294
39448
17846
2641821
15107
31858
60335
32780
48980
25690
65977
51932
30120
34299
383558
68315
148079
26953
32492
54489
65664
23110
29770
45474
41407
176234
87954
26602
95045
46115
83331
39098
66883
38887
30824
126168
19496
92164
44947
663541
38859
29315
24501
24178
59052
92067
28312
24645
177295
66807
63078
55954
36996
72014
32495
83016
32545
31818
72425
24060
100920
17025
39503
100207
34294
75122
22254
23883
97098
31599
58047
80194
305256
30289
107759
39923
35978
86406
72950
72613
25784
114674
42619
25908
82813
168947
55403
45522
21264
80124
23279
92180
69502
158593
54656
46903
33108
368575
16304
57870
177715
303938
35796
1187208
44543
47030
24413
51625
352148
91308
127758
153825
52974
27693
65042
39997
85184
60458
15455
22673
26904
15784
292505
38453
151356
25867
185666
21107
99288
218479
328665
18345
35435
186897
59679
65455
111191
35768
450457
71268
1437513
23908
61586
59899
17699
32249
231906
35399
87638
362670
43530
250081
58201
98239
22216
19362
22327
414619
125348
52374
2117578
19466
55069
125997
15624
74675
47289
192446
31957
38108
35033
353404
56510
151330
234155
84782
37546
17962
185816
52058
70479
24651
35610
67144
32000
26304
34712
121275
18081
38942
195359
98741
30048
52274
58992
73291
914028
32990
40091
27124
56236
26999
43188
134991
126623
631996
658525
151529
32207
63916
106523
145609
31967
42006
26146
38099
122329
53671
107223
91429
20771
38289
65930
91570
25217
31659
41262
17318
28777
20230
18788
55144
39828
78397
49329
37867
151582
19341
153020
92764
26507
104663
57548
42029
24648
241003
64878
725547
54115
149177
19883
32772
159309
41893
77218
95750
39063
31562
31401
734522
55490
63919
116223
15096
33397
43888
20819
437940
17708
113982
53195
27455
16613
