0
274464768
426508288
559415296
690487296
795082752
966000640
1087897600
1227096064
1366818816
1436286976
1515716608
1577320448
1785724928
1927544832
2068054016
2148007936
2211708928
2267807744
2393899008
2437677056
2438201344
2438725632
2438987776
2439249920
2439512064
2439774208
2440036352
2440298496
2440560640
2440822784
2441084928
2441347072
2441609216
2441871360
2442133504
2442395648
2442657792
2442919936
2443182080
2443444224
2443706368
2443968512
2444230656
2444492800
2444754944
2445017088
2445279232
2445803520
2446065664
2446327808
2446589952
2446852096
2447114240
2447376384
2447638528
2447900672
2448162816
2448424960
2448687104
2448949248
2449211392
2449473536
2449735680
2449997824
2450259968
2450522112
2450784256
2451046400
2451308544
2451570688
2451832832
2452094976
2452357120
2452619264
2452881408
2453143552
2455240704
2455502848
2456027136
2456289280
2456551424
2456813568
2457075712
2457337856
2457600000
2457862144
2458124288
2458386432
2458648576
2458910720
2459172864
2459435008
2459697152
2459959296
2460221440
2460483584
2460745728
2461007872
2461270016
2461532160
2461794304
2462056448
2462318592
2462580736
2462842880
2463105024
2463367168
2463629312
2463891456
2464415744
2464677888
2464940032
2465202176
2465726464
2465988608
2466250752
2466512896
2467561472
2467823616
2468085760
2468347904
2468610048
2468872192
2469134336
2469396480
2469658624
2469920768
2470182912
2470445056
2470707200
2470969344
2471231488
2471493632
2471755776
2472017920
2472280064
2472542208
2472804352
2473066496
2473328640
2473590784
2473852928
2474115072
2474377216
2475687936
2475950080
2476212224
2476474368
2476736512
2476998656
2477260800
2477785088
2478047232
2478309376
2478571520
2478833664
2479095808
2479357952
2479620096
2479882240
2480144384
2480406528
2480668672
2480930816
2481192960
2481455104
2481717248
2481979392
2482241536
2482503680
2482765824
2483027968
2483290112
2483552256
2483814400
2484076544
2484338688
2484600832
2484862976
2485125120
2485387264
2485911552
2486173696
2486435840
2486697984
2486960128
2487222272
2487484416
2487746560
2488008704
2488270848
2488532992
2488795136
2489057280
2489319424
2489581568
2489843712
2490368000
2490630144
2490892288
2491154432
2491416576
2491678720
2491940864
2492203008
2492465152
2492727296
2492989440
2493251584
2493513728
2493775872
2496135168
2496397312
2496659456
2496921600
2497183744
2497445888
2497708032
2497970176
2498232320
2498494464
2498756608
2502688768
2502950912
2503213056
2503475200
2503737344
2503999488
2504261632
2504523776
2504785920
2505048064
2505310208
2505572352
2505834496
2506096640
2506358784
2506620928
2506883072
2507145216
2507407360
2507669504
2507931648
2508193792
2508455936
2508718080
2508980224
2510290944
2510553088
2510815232
2511077376
2511339520
2511601664
2511863808
2512125952
2512388096
2512650240
2512912384
2513174528
2513436672
2513698816
2514223104
2514485248
2514747392
2515009536
2515271680
2515533824
2515795968
2516058112
2516320256
2516582400
2516844544
2517106688
2517368832
2517630976
2517893120
2518155264
2518417408
2518679552
2518941696
2519203840
2519465984
2519728128
2519990272
2520252416
2520514560
2520776704
2521038848
2521300992
2521563136
2521825280
2522087424
2522349568
2522873856
2523136000
2523398144
2523660288
2523922432
2524184576
2524446720
2524708864
2525233152
2525495296
2525757440
2526019584
2526281728
2526543872
2526806016
2527068160
2527330304
2527592448
2527854592
2528116736
2528378880
2528641024
2528903168
2529165312
2529427456
2529689600
2529951744
2530213888
2530476032
2530738176
2531000320
2531262464
2531524608
2531786752
2532048896
2532311040
2532573184
2532835328
2533097472
2533359616
2533883904
2534146048
2534408192
2534670336
2535194624
2535456768
2535718912
2535981056
2536243200
2536505344
2539388928
2539651072
2539913216
2540175360
2540437504
2540699648
2540961792
2541223936
2541486080
2541748224
2542010368
2542534656
2542796800
2543058944
2543321088
2543583232
2543845376
2544107520
2544369664
2544631808
2544893952
2545156096
2545418240
2545680384
2545942528
2546204672
2546466816
2546728960
2546991104
2547253248
2547515392
2547777536
2548039680
2548301824
2548563968
2548826112
2549612544
2549874688
2550136832
2550398976
2550661120
2550923264
2551185408
2551447552
2551709696
2551971840
2552233984
2552496128
2552758272
2553020416
2553282560
2553544704
2553806848
2554068992
2554331136
2554593280
2554855424
2555117568
2555379712
2555641856
2555904000
2556166144
2556428288
2556690432
2556952576
2557214720
2557476864
2557739008
2558001152
2558525440
2558787584
2559049728
2559311872
2559574016
2559836160
2560098304
2560360448
2560622592
2560884736
2561146880
2561409024
2561671168
2561933312
2562195456
2562457600
2562719744
2562981888
2563244032
2563506176
2563768320
2564030464
2564292608
2564554752
2564816896
2565341184
2565603328
2565865472
2566127616
2566651904
2566914048
2568224768
2568486912
2568749056
2569011200
2569273344
2569797632
2570059776
2570321920
2570584064
2570846208
2571108352
2571370496
2571632640
2571894784
2572156928
2572419072
2572681216
2572943360
2573205504
2573729792
2573991936
2574254080
2574516224
2574778368
2575040512
2575302656
2575564800
2576089088
2576351232
2576613376
2576875520
2577137664
2577399808
2577661952
2577924096
2578448384
2578710528
2580283392
2580545536
2580807680
2581069824
2581331968
2581594112
2581856256
2582118400
2582380544
2582904832
2583166976
2583429120
2583691264
2583953408
2584215552
2584477696
2584739840
2585264128
2585526272
2585788416
2588147712
2588409856
2588672000
2588934144
2589196288
2589458432
2589720576
2589982720
2590244864
2590507008
2590769152
2591293440
2591555584
2591817728
2592079872
2592342016
2592604160
2592866304
2593128448
2593390592
2593652736
2593914880
2594177024
2594439168
2594701312
2594963456
2595225600
2595487744
2595749888
2596012032
2596274176
2596536320
2596798464
2597060608
2597322752
2597584896
2598633472
2598895616
2599157760
2599419904
2599682048
2599944192
2600206336
2600468480
2600730624
2601517056
2602303488
2602565632
2602827776
2603089920
2603352064
2603614208
2603876352
2604138496
2604400640
2604662784
2604924928
2605187072
2605449216
2605711360
2605973504
2606235648
2606497792
2606759936
2607022080
2607284224
2607546368
2607808512
2608070656
2608332800
2608594944
2608857088
2609119232
2609381376
2609643520
2609905664
2610167808
2610429952
2610692096
2610954240
2611216384
2611478528
2611740672
2612002816
2612264960
2612527104
2612789248
2613575680
2613837824
2614099968
2614362112
2614624256
2614886400
2615148544
2615410688
2615672832
2615934976
2616197120
2616459264
2617245696
2617507840
2617769984
2618032128
2618294272
2618556416
2618818560
2619080704
2619604992
2619867136
2620129280
2620391424
2620653568
2620915712
